0
-100
-100
-100
-100
-100
-100
-100
-100
-100
-100
-100
-100
-100
-100
-100
-100
-100
-100
-100
-100
-100
-100
-100
-100
-100
-100
-100
-100
-100
-100
-39.583
-33.9847
-32.3068
-31.957
-30.7911
-30.3263
-29.1337
-24.7686
-24.2457
-23.9529
-21.0879
-21.0879
-21.7389
-35.1911
-40.6115
-52.4768
-52.4768
-37.8375
-18.9834
-7.32788
3.04295
8.95746
12.476
15.8216
16.9075
16.9075
16.4008
16.0211
15.1529
14.6891
14.6891
15.3311
15.3311
13.9309
13.5174
12.9107
12.5863
10.7814
7.6355
7.6355
8.93984
12.1605
13.9064
15.0335
15.8252
15.8252
15.1316
13.27
11.9908
9.80733
6.85402
3.18948
-3.24243
-8.18443
-15.2537
-41.077
-41.077
-37.8461
-11.2419
-1.23673
-1.23673
-1.30166
-3.36683
-3.36683
-0.569457
-0.569457
-0.569457
1.49069
2.20864
2.20864
2.20864
4.4802
9.30372
11.4928
12.2251
13.7385
14.381
14.381
11.8408
7.83059
7.33856
7.11507
6.40163
5.4496
5.35434
5.22301
3.06414
3.06414
6.71372
10.5571
12.5025
12.8828
12.8828
13.4783
13.994
14.8837
14.8837
14.074
13.1841
10.1647
7.6097
3.43596
-3.05608
-10.9479
-16.566
-16.566
-15.9565
-15.9565
-15.9565
-15.2675
-12.2786
-9.84949
-9.34652
-9.34652
-9.95995
-9.95995
-9.82617
-9.82617
-12.6597
-13.8658
-14.4974
-16.3558
-20.5907
-23.9484
-26.5025
-31.8047
-37.3865
-38.7266
-54.6194
-54.6194
-25.8036
-14.2215
-8.18478
-2.73086
-2.73086
-3.34635
-3.34635
6.26783
9.16249
10.1509
11.2361
11.3035
11.3035
11.8782
11.8782
11.5527
11.4837
9.27537
7.32287
5.61705
4.46575
3.24388
-2.54331
-2.54331
-0.730092
1.79949
10.0233
14.0373
14.0373
12.8261
7.82833
7.82833
8.42995
10.8633
11.7367
14.0762
14.2875
14.2875
11.6492
7.70562
5.78409
5.78409
8.48941
8.48941
8.48941
8.95594
13.7666
16.2996
16.2996
16.0218
15.8997
15.5953
13.8449
12.5809
12.5809
14.1141
14.7519
14.7519
14.6339
13.7042
10.1305
-2.45634
-5.98759
-5.98759
-1.18568
2.66131
3.44922
3.68613
5.10152
10.3203
11.9705
12.9619
14.0506
14.0506
13.3142
12.808
10.2902
3.64218
-17.2506
-31.8479
-40.9063
-40.9063
-35.0571
-35.0571
-46.6368
-56.559
-59.8551
-59.8551
-29.6029
-28.8255
-28.8255
-28.8255
-22.8738
-6.64696
2.18776
6.79833
7.93686
7.93686
7.90084
6.26942
3.87673
2.97011
1.75314
-1.60099
-5.91693
-6.01168
-6.01168
-4.46971
-4.46971
1.40704
8.78612
11.1286
11.611
11.611
11.4275
10.5573
9.4873
8.62138
8.01583
8.01583
9.53176
11.4615
13.0116
14.6498
14.6498
11.3301
3.78399
-0.333606
-0.333606
6.71594
11.4339
12.3051
12.3051
11.996
10.8566
10.8566
10.8566
11.1637
11.1637
10.1329
7.31013
7.31013
7.95635
7.95635
7.80943
5.2337
4.15964
2.09986
-7.4216
-7.4216
-7.39028
-4.7737
-4.7737
-5.70278
-7.90769
-11.8613
-11.8613
-0.499284
6.53505
11.3855
12.8624
12.8624
11.058
10.0358
6.33425
1.22865
1.22865
5.80116
12.8436
14.9806
14.9806
12.9179
6.13371
-12.4398
-19.1365
-19.1365
-4.28677
8.23785
14.9667
15.9862
15.9862
12.9339
1.98554
-0.705145
-0.705145
3.32953
7.26861
9.29803
12.6113
15.3121
15.8006
15.8006
14.9188
12.949
10.412
6.69879
6.10791
6.10791
7.5506
9.82916
11.3515
11.3515
10.1463
7.32231
7.32231
8.81936
13.8518
14.5892
14.5892
14.036
12.2121
8.47869
-1.23122
-1.23122
-0.0209154
-0.0209154
-0.0209154
4.98083
4.98083
4.98083
6.29212
8.3317
8.3317
8.23547
6.43566
0.843904
-9.3786
-9.3786
-8.15811
-0.748745
8.98548
12.3653
13.1023
13.1023
8.57666
8.57666
11.1209
11.9314
11.9314
11.9314
11.9314
9.8281
5.78343
4.25756
4.25756
5.1233
5.94113
8.94679
8.94679
8.55794
8.55794
10.9256
10.9256
10.388
4.11709
-13.5399
-14.1611
-14.1611
0.166085
5.42467
8.80668
13.5802
13.5802
11.423
5.79649
-17.0257
-34.5629
-34.5629
-17.0951
-11.5025
1.50576
7.86674
7.86674
4.00849
-1.87684
-12.4434
-12.4434
7.76836
13.6607
15.323
15.323
14.8845
11.4403
5.40869
0.475478
-2.88538
-2.88538
-2.88538
-2.88538
1.07751
5.31199
10.3448
13.7938
14.911
14.911
12.6948
9.37817
3.42704
-8.39683
-14.1505
-18.3767
-19.9452
-19.9452
-19.0946
-18.2417
-16.4532
-16.4532
-16.7071
-18.4996
-21.7927
-25.7639
-26.8951
-27.7391
-34.4218
-34.4218
-28.3669
-23.2982
-23.0599
-23.0599
-23.1184
-23.1184
-2.0232
2.43768
4.05925
5.13819
5.71661
8.15137
10.1414
12.2698
12.2698
9.38937
-2.69762
-28.6569
-28.6569
-17.5808
5.76257
12.1726
14.2067
14.2067
11.8086
8.31626
5.25455
-2.066
-25.2892
-38.8952
-38.8952
-17.7319
-1.27316
9.69535
9.69535
7.58068
-0.105837
-10.2306
-10.2306
10.3489
14.2774
15.9215
15.9215
15.0613
14.44
13.0377
10.7896
10.7896
11.9522
14.475
15.73
15.73
15.1876
13.2061
11.3876
8.00825
2.1042
-2.24639
-5.69352
-8.57207
-11.3818
-20.7266
-28.9807
-28.9807
-25.8127
-14.1483
-13.3372
-0.688879
6.94068
11.1772
11.1772
9.28543
9.28543
10.0977
10.0977
10.0977
12.543
13.9947
15.2929
15.2929
13.9643
12.3139
8.49011
8.49011
9.57671
12.2587
12.2587
10.9663
4.72056
4.72056
11.5101
14.1931
14.5499
14.5499
11.9946
7.51338
-6.16813
-21.5126
-21.5126
-9.86285
11.0242
14.8223
16.4694
16.4694
15.872
15.872
14.7505
10.1641
5.30915
5.30915
7.95862
7.95862
7.95862
8.17471
8.28128
8.28128
6.99037
4.00531
4.00531
7.32211
11.8939
12.3463
12.3463
12.3463
12.3173
6.33357
-8.45236
-18.8223
-18.8223
-19.4947
-19.4947
4.62755
13.905
13.905
13.6791
13.6791
12.3015
6.58982
-12.6397
-34.1185
-36.1816
-37.4049
-37.4049
-40.6151
-64.7892
-64.7892
-40.2665
-32.1993
-32.1993
-27.4043
-27.4043
-27.5253
-27.549
-28.8648
-32.6667
-33.5859
-41.556
-45.7917
-45.7917
-46.0375
-100
-100
-100
-100
-100
-100
-50.5988
-31.3642
-23.6497
-23.6497
-25.0767
-25.5174
-25.5174
-24.009
-22.8386
-22.8386
-20.6901
-18.5579
-18.5579
-19.5515
-20.7559
-21.4247
-21.4247
-21.4247
-20.0988
-20.0988
-24.0209
-24.0209
-22.5332
-22.5332
-29.3884
-35.8894
-48.6415
-51.1607
-51.1607
-50.3888
-48.7737
-40.1482
-23.0235
-16.6478
-13.3179
-13.3179
-14.5406
-16.0607
-19.2129
-21.1472
-21.3093
-21.3093
-24.6926
-33.0342
-35.3278
-37.2303
-44.4579
-62.7485
-62.7485
-100
-100
-100
-100
-100
-100
-100
-100
-100
-100
-100
-100
-100
-100
-100
-100
-100
-100
-100
-100
-59.7103
-12.5998
-12.5998
-100
-100
-100
-100
-100
-100
-34.4226
-21.1012
-18.3985
-16.2007
-10.9656
-6.72179
-0.297463
5.79484
11.6562
13.1418
15.0412
15.0859
15.0859
12.4053
4.81556
4.81556
6.9076
6.9076
5.17858
1.12053
0.881651
0.881651
4.62932
8.76271
11.2511
12.5305
12.9505
12.9505
12.6221
11.875
10.0487
6.88965
3.62111
-0.976924
-10.3442
-10.3891
-23.2724
-59.2435
-59.2435
-27.2616
-17.606
-13.9038
-13.0474
-13.0474
-13.0474
-13.0474
-0.750922
1.4273
1.4273
7.28671
9.11256
9.57833
11.6968
13.1288
13.1288
12.5649
11.4422
10.0997
9.3326
8.52155
8.52155
8.52155
7.45848
5.71687
5.71687
8.52643
8.65821
8.65821
7.39483
3.26763
0.511747
-2.79586
-7.69253
-11.1206
-12.7209
-17.702
-23.2658
-23.5992
-34.0266
-39.0028
-46.9095
-62.3922
-62.3922
-48.3066
-48.3066
-62.7485
-100
-100
-100
-56.7182
-39.2662
-36.6496
-35.6779
-31.2864
-28.4142
-28.4142
-30.7467
-44.4056
-58.7985
-61.2869
-100
-100
-100
-100
-100
-100
-100
-100
-100
-50.2567
-50.2567
-50.7254
-65.7866
-100
-100
-52.3481
-48.1786
-31.7092
-31.7092
-36.4097
-41.3188
-41.3294
-52.8823
-53.2518
-64.7892
-100
-100
-100
-39.5907
-15.7402
-15.3291
-12.2511
-12.2511
-100
-100
-48.1593
-48.1593
-48.4559
-48.4559
-100
-100
-10.3429
-1.81098
8.76013
12.3138
13.8237
13.8237
13.8237
13.5969
9.56527
1.41543
-4.56603
-4.56603
2.3074
4.55957
5.43942
5.43942
5.43942
7.94604
13.2314
15.4393
15.4393
14.2193
11.755
7.3618
0.840906
-2.86718
-3.06949
-4.78064
-7.88962
-10.1943
-14.805
-17.1176
-20.7905
-34.6866
-34.6866
-22.0206
-18.3509
-18.3509
-21.039
-30.592
-46.681
-61.4785
-100
-100
-100
-100
-100
-100
-27.9136
-11.9236
-5.09576
-4.98386
-4.61896
5.9961
12.3471
14.0466
14.0466
13.4977
10.3012
7.21361
7.21361
9.99649
11.9648
11.9648
11.8064
10.6646
5.42238
2.24993
2.24993
0.377697
0.377697
1.81156
2.80098
3.84133
4.3992
7.35774
10.901
11.622
11.6314
11.6314
11.0241
10.7013
8.85614
5.93105
-8.29922
-14.5341
-16.2784
-16.3275
-16.3275
-17.2973
-23.0117
-23.0117
-17.2546
-16.4776
2.32572
2.32572
-18.2367
-26.4215
-26.4215
-27.5864
-27.5864
-25.5
-25.5
-28.4644
-28.7843
-30.0875
-34.8395
-45.3288
-45.3288
-45.3288
-100
-100
-100
-100
-100
-100
-100
-100
-100
-100
-100
-100
-100
-100
-100
-100
-100
-100
-100
-100
-100
-100
-100
-100
-100
-100
-100
-100
-100
-100
-100
-100
-100
-37.572
-37.572
-41.7378
-41.7378
-40.3976
-34.841
-34.3181
-34.3181
-36.187
-36.1988
-36.1988
-10.2473
-3.93796
8.17164
11.2819
12.8842
12.8842
8.11277
2.85556
-0.27577
-0.481474
-0.481474
2.96565
8.36947
11.6559
14.4924
15.4046
16.351
16.4273
16.4273
15.5306
13.4503
10.9881
7.59957
-8.18712
-16.8705
-33.4861
-33.4861
-31.9089
-24.5482
-7.69254
5.33516
9.14912
11.8589
11.8589
10.9936
10.3207
10.3207
10.3207
11.7848
14.1201
14.1201
14.0153
13.9068
13.1963
12.2215
9.71675
6.84176
6.84176
7.13202
7.13202
7.16839
10.2065
11.5781
11.5781
10.5683
9.96233
8.06703
3.62999
-1.21427
-5.24268
-10.6355
-10.6355
-7.93567
-7.93567
-8.55413
-13.7113
-19.6075
-28.6025
-36.3576
-41.8185
-44.4395
-57.6324
-100
-100
-100
-100
-100
-44.9517
-36.2854
-31.2286
-31.2286
-36.0202
-44.2709
-55.9887
-55.9887
-55.9887
-53.6745
-53.0419
-50.3006
-45.1674
-45.1674
-51.6903
-59.6005
-59.6005
-40.9694
3.70007
7.16963
7.81897
7.81897
5.42387
5.42387
5.06026
3.12272
-0.198611
-0.198611
5.1012
9.93188
12.493
12.493
10.4011
8.14817
3.50296
3.50296
5.10155
6.57316
6.69232
6.69232
5.40781
3.55062
1.37774
-0.545522
-0.545522
0.691
4.08368
9.04224
9.04224
9.04224
9.25236
9.25236
7.21291
6.6223
5.77801
3.61252
1.52519
-0.935764
-3.36156
-6.52758
-12.2428
-13.0639
-18.7298
-23.2405
-23.786
-25.336
-28.2649
-31.9375
-31.9375
-26.7998
-23.5652
-23.5652
-24.7136
-29.4225
-31.4693
-33.0737
-33.0737
-28.7444
-28.7444
-31.9771
-31.9771
-31.6488
-29.049
-29.049
-34.4228
-38.1605
-39.7029
-39.7029
-35.0065
-14.0489
-0.59919
7.15033
9.0241
9.0241
9.0241
10.2453
12.6973
12.6973
10.664
8.58406
1.17947
1.17341
1.17341
0.421851
0.421851
0.421851
-1.01085
-1.01085
0.829459
4.41143
6.4497
6.45508
6.45508
5.70282
4.1813
-0.144012
-4.65988
-5.05505
-5.05505
-0.107906
-0.107906
-0.484719
-0.484719
0.954999
0.954999
-1.38891
-6.56223
-10.4874
-10.4874
-9.05453
-9.05453
-9.46161
-10.601
-11.3748
-11.9771
-13.4003
-14.9941
-16.5457
-16.5457
-16.5457
-16.6664
-16.7182
-16.9585
-17.5722
-17.5722
-16.8398
-16.8398
-20.306
-32.5479
-35.1474
-39.3534
-39.3534
-41.7812
-43.7744
-100
-100
-100
-100
-100
-100
-100
-100
-100
-100
-100
-100
-100
-100
-100
-100
-100
-100
-100
-100
-100
-100
-100
-100
-100
-100
-100
-100
-100
-100
-100
-100
-100
-100
-84.8284
-40.7409
-33.8871
-33.8871
-33.8871
-30.6658
-22.641
-21.2494
-21.2494
-26.6277
-27.1502
-29.6185
-34.3527
-45.5861
-48.6348
-48.6348
-37.4544
-28.18
-23.9128
-23.9128
-23.9128
-13.6071
-13.3439
-13.3439
-13.9838
-14.8352
-15.3678
-17.0124
-19.7551
-21.3937
-22.1007
-23.4121
-23.7092
-24.9308
-24.9308
-23.4569
0
