0
0
0
0
0
0
0
0
0
0
0
0
0
0
0
0
0
0
0
0
0
0
0
0
0
0
0
0
0
0
0
0.0851762
0.0851762
0.154274
0.154274
0.177219
0.177219
0.226605
0.226605
0.232177
0.23764
0.23764
0.288295
0.288295
0.200566
0.0189801
0.0189801
0.0189801
0.0189801
0.0638426
0.171927
0.299681
0.540212
0.540212
0.689024
0.719237
0.719237
0.680678
0.643939
0.643939
0.643939
0.609658
0.609658
0.62945
0.641421
0.641421
0.581278
0.578095
0.517836
0.438638
0.314771
0.278069
0.218923
0.179692
0.179692
0.179692
0.179692
0.210492
0.210492
0.171474
0.171474
0.171474
0.171474
0.255222
0.255222
0.189638
0
0
0.10452
0.10452
0.132789
0.132789
0.20716
0.215089
0.215089
0.257682
0.257682
0.257682
0.385513
0.531333
0.531333
0.531333
0.562178
0.562178
0.562178
0.562178
0.640809
0.640809
0.627536
0.627536
0.645228
0.715408
0.715408
0.719182
0.719182
0.719182
0.719182
0.620782
0.49787
0.49787
0.649986
0.707692
0.707692
0.659445
0.657959
0.605904
0.583987
0.583987
0.583987
0.583987
0.583987
0.495899
0.374337
0.308933
0.21222
0.211345
0.211345
0.211345
0.211345
0.211345
0.193433
0.193433
0.238914
0.238914
0.236108
0.233549
0.193619
0.193619
0.225153
0.246446
0.246446
0.15656
0.140177
0.133089
0.133089
0.129144
0.129144
0.234989
0.319928
0.319928
0.259661
0.259661
0.21579
0.21579
0.549805
0.549805
0.398402
0.36444
0.36444
0.569949
0.674438
0.709047
0.709047
0.677159
0.677159
0.668335
0.659942
0.65591
0.641283
0.61854
0.61854
0.633881
0.633881
0.364472
0.284818
0.284818
0.297588
0.404203
0.596878
0.599058
0.599058
0.599058
0.628233
0.628233
0.628233
0.628233
0.644355
0.702046
0.702046
0.628519
0.628519
0.628519
0.628519
0.670937
0.670937
0.565602
0.511028
0.510606
0.510606
0.644879
0.644879
0.666957
0.666957
0.630025
0.630025
0.638958
0.638958
0.638958
0.646891
0.646891
0.614594
0.383517
0.141208
0.141208
0.302971
0.590816
0.670863
0.670863
0.666013
0.520883
0.520883
0.56636
0.56636
0.56636
0.602307
0.650112
0.650112
0.580115
0.33615
0.33615
0.264407
0.217521
0.217521
0.122111
0.122111
0.0536651
0
0
0
0.361783
0.401157
0.401157
0.381921
0.246762
0.246762
0.574959
0.635011
0.635011
0.623954
0.623954
0.570001
0.570001
0.61665
0.61665
0.533001
0.308637
0.190131
0.190131
0.190131
0.190131
0.190131
0.547744
0.624294
0.666682
0.666682
0.663392
0.655342
0.65167
0.648065
0.648065
0.647168
0.647168
0.639905
0.639905
0.647451
0.647451
0.453482
0.188831
0.188831
0.344149
0.344149
0.598653
0.598653
0.644328
0.644328
0.644328
0.648919
0.648919
0.643909
0.643909
0.511541
0.438118
0.438118
0.438118
0.54885
0.54885
0.418189
0.259218
0.259218
0.259218
0.25852
0.25852
0.566197
0.566197
0.642116
0.642116
0.287701
0.287701
0.287701
0.287701
0.54522
0.583694
0.583694
0.583694
0.576858
0.452405
0.433095
0.433095
0.433095
0.567916
0.611884
0.611884
0.611884
0.406766
0.406766
0.111612
0.111612
0.123969
0.322584
0.561205
0.614326
0.614326
0.475906
0.250224
0.214009
0.214009
0.40702
0.656618
0.656618
0.385605
0.385605
0.625923
0.625923
0.564467
0.536155
0.536155
0.624031
0.644197
0.660448
0.660448
0.660448
0.690209
0.693013
0.693013
0.613149
0.613149
0.613149
0.638774
0.638774
0.638774
0.638774
0.635928
0.389826
0.266272
0.266272
0.264532
0.218645
0.218645
0.228379
0.407462
0.448886
0.604506
0.64706
0.64706
0.64706
0.605956
0.412904
0.412904
0.337379
0.208362
0.208362
0.458854
0.461826
0.625234
0.625234
0.404627
0.404627
0.526866
0.582787
0.61096
0.61096
0.601414
0.468962
0.468962
0.602067
0.672298
0.672298
0.503687
0.503687
0.578214
0.578214
0.554029
0.554029
0.554029
0.393703
0.303664
0.269656
0.0869123
0.0869123
0.146128
0.146128
0.220917
0.515193
0.515193
0.445677
0.23406
0.178462
0.178462
0.178462
0.178462
0.178462
0.178462
0.569546
0.569546
0.415512
0.297802
0.131411
0.131411
0.463861
0.463861
0.541009
0.541009
0.537436
0.389887
0.389887
0.315311
0.182613
0.182613
0.213388
0.213388
0.213388
0.390466
0.56328
0.659474
0.732501
0.732501
0.696188
0.619187
0.471499
0.37511
0.188134
0.188134
0.189781
0.189781
0.165518
0.165518
0.188787
0.188787
0.137888
0.137888
0.142796
0.159768
0.159768
0.159768
0.159768
0.159768
0.203912
0.355496
0.434234
0.456727
0.456727
0.147893
0.147893
0.439747
0.439747
0.448094
0.562061
0.562061
0.562061
0.589565
0.589565
0.281443
0.261958
0.236233
0
0
0.298004
0.506211
0.558312
0.558312
0.557533
0.557533
0.557533
0.17162
0.17162
0.17162
0.17162
0.17162
0.221318
0.469481
0.474264
0.474264
0.242556
0.208082
0.208082
0.477447
0.534454
0.570458
0.608956
0.624997
0.624997
0.606407
0.606407
0.606407
0.606407
0.607996
0.658671
0.696106
0.696106
0.718154
0.718154
0.598444
0.55211
0.458737
0.373922
0.373922
0.260681
0.260681
0.0320221
0.0320221
0.0320221
0.0981526
0.0981526
0.557043
0.557043
0.496196
0.496196
0.496196
0.627439
0.651803
0.651803
0.614289
0.4491
0.4491
0.573753
0.573753
0.552335
0.552335
0.552335
0.580036
0.580036
0.612431
0.612431
0.379236
0.379236
0.379236
0.379236
0.497004
0.555576
0.555576
0.523975
0.328201
0.129858
0.0636129
0.0636129
0.157409
0.407032
0.52759
0.661694
0.66206
0.66206
0.641813
0.573716
0.439293
0.359876
0.359876
0.654362
0.654362
0.669194
0.714041
0.714041
0.660586
0.532938
0.526336
0.515437
0.349735
0.349735
0.486118
0.486118
0.4877
0.4877
0.26273
0.26273
0.26273
0.248312
0.245854
0.213884
0.213884
0.494478
0.494478
0.482988
0.433018
0.277115
0.277115
0.208032
0.208032
0.22705
0.294512
0.294512
0
0
0
0.0326946
0.106935
0.106935
0.39056
0.47559
0.47559
0.483591
0.483591
0.553964
0.553964
0
0
0.376603
0.376603
0
0
0
0
0
0
0
0.126416
0.279976
0.279976
0.227051
0.178615
0.178615
0.223411
0.229493
0.229493
0.229493
0.336861
0.35898
0.35898
0.35898
0.227202
0.212523
0.212523
0.247053
0.254094
0.254094
0.169329
0.169329
0.169329
0.169329
0.197329
0.197329
0.197329
0.277388
0.277388
0.217351
0.217351
0.276
0.276
0.286423
0.286423
0.260536
0.260536
0.160081
0.160081
0.190155
0.198325
0.216388
0.216388
0.0924041
0.0924041
0.0924041
0
0
0
0
0
0
0
0
0
0
0
0
0
0
0
0
0
0
0
0
0
0
0
0.00760454
0.00760454
0
0
0
0
0
0
0.124806
0.171173
0.171173
0.171173
0.171173
0.171173
0.25336
0.277334
0.522782
0.522782
0.642611
0.642611
0.616876
0.483649
0.483649
0.538442
0.645021
0.645021
0.602829
0.511662
0.511662
0.511662
0.588757
0.680624
0.719958
0.735202
0.735202
0.73757
0.739406
0.739406
0.624864
0.597212
0.597212
0.567847
0.555929
0.555929
0.24527
0
0
0.221668
0.295312
0.45618
0.476445
0.476445
0.130442
0.130442
0.132778
0.270191
0.270191
0.440388
0.529804
0.549091
0.623923
0.659136
0.659206
0.659206
0.650789
0.650789
0.650093
0.650093
0.64231
0.623678
0.45224
0.368046
0.368046
0.411101
0.411101
0.577275
0.577275
0.535491
0.535491
0.500591
0.500591
0.433743
0.319351
0.319351
0.386726
0.386726
0.236111
0.236111
0
0
0
0
0
0
0
0
0
0
0.152089
0.152089
0.251373
0.28108
0.292491
0.292491
0.243277
0.243277
0.276278
0.276278
0
0
0
0
0
0
0
0
0
0
0
0
0
0
0
0
0
0.232581
0.232581
0.245663
0.245663
0.245663
0.230048
0.230048
0
0
0
0
0
0.123769
0.123769
0.0862519
0.0862519
0
0
0.0589439
0.0589439
0.0950478
0.0950478
0
0
0
0.326616
0.326616
0.326616
0.503922
0.586332
0.586332
0.586332
0.368045
0.243558
0.243558
0.255221
0.535344
0.669119
0.669119
0.669119
0.649403
0.625686
0.625686
0.680339
0.680339
0.668275
0.668275
0.602024
0.484281
0.354694
0.193219
0.166324
0.166324
0.166324
0.166324
0.18564
0.18564
0.140682
0.140682
0.572513
0.724421
0.724421
0.633227
0.258585
0.258585
0
0
0
0
0
0
0
0
0.0908692
0.567644
0.567644
0.51889
0.51889
0.519776
0.583597
0.583597
0.583597
0.473246
0.473246
0.545042
0.570819
0.607943
0.631594
0.631594
0.566514
0.376478
0.179699
0.179699
0.183391
0.208341
0.208341
0.643533
0.656168
0.656168
0.592892
0.592892
0.631056
0.650449
0.650449
0.650387
0.62212
0.573792
0.373241
0.233656
0.233656
0.273016
0.394185
0.572141
0.572141
0.253302
0.253302
0.235724
0.214248
0.0625358
0.0625358
0.216442
0.216442
0.205352
0.205352
0.217915
0.217915
0.217915
0.217915
0.217915
0.217915
0.275294
0.278472
0.30439
0.30439
0
0
0
0
0
0
0
0
0
0
0
0
0
0
0
0
0
0
0
0
0
0
0
0
0
0
0
0
0
0
0
0
0
0.241629
0.241629
0.241629
0.341348
0.341348
0.341348
0.341348
0.0867613
0.0238255
0
0
0.242158
0.242158
0.399389
0.601659
0.645936
0.645936
0.392666
0.249083
0.249083
0.205549
0.205549
0.504824
0.591313
0.591313
0.636943
0.636943
0.672717
0.672717
0.671704
0.671704
0.597422
0.597422
0.401491
0.171761
0.171761
0.171761
0.171761
0.22379
0.22379
0.22379
0.366619
0.619828
0.661384
0.661384
0.627566
0.627566
0.670942
0.670942
0.551703
0.551703
0.670573
0.68274
0.68274
0.65478
0.633306
0.633306
0.701034
0.720824
0.732722
0.732722
0.678212
0.678212
0.696775
0.696775
0.745522
0.754444
0.754444
0.53144
0.343474
0.226245
0.226245
0.249424
0.410815
0.410815
0.410815
0.354862
0.354862
0.354862
0.354862
0.321621
0.085683
0
0
0
0
0
0
0.226817
0.226817
0.38853
0.38853
0.277222
0.277222
0.320911
0.320911
0.100093
0.100093
0.196078
0.34758
0.34758
0.2982
0.2982
0.2982
0.297202
0.297202
0.297202
0.384692
0.551091
0.551091
0.551091
0.657784
0.657784
0.579087
0.433291
0.402506
0.402506
0.528256
0.558183
0.571588
0.571588
0.539512
0.454722
0.454722
0.606914
0.625914
0.625914
0.625914
0.577302
0.561474
0.459244
0.443783
0.422714
0.422714
0.483746
0.565296
0.565296
0.565296
0.600147
0.600147
0.53011
0.53011
0.531691
0.531691
0.475406
0.438709
0.135085
0.135085
0.223795
0.235651
0.235651
0.235651
0.318776
0.318776
0.27995
0.24128
0.24128
0.397728
0.465124
0.465124
0.404281
0.374297
0.333998
0.174751
0.174751
0.373845
0.373845
0.2957
0.173858
0.0746709
0.0746709
0.177893
0.214456
0.214456
0.305209
0.315451
0.315451
0.271497
0.271497
0.462806
0.462806
0.414592
0.414592
0.443753
0.554829
0.554829
0.506671
0.431029
0.210594
0.126852
0.126852
0.126852
0.135904
0.194743
0.244537
0.262072
0.342783
0.353456
0.546185
0.546185
0.546185
0.610283
0.610283
0.430243
0.208578
0.208578
0.288487
0.288487
0.288487
0.288487
0.288487
0.410048
0.410048
0.401146
0.176411
0.176411
0.220739
0.220739
0.220739
0.220739
0.220739
0.220739
0.220739
0.220739
0.164807
0.164807
0.201432
0.201432
0.187237
0.187237
0.242159
0.242159
0.300338
0.33407
0.452164
0.452164
0.233037
0.233037
0.233037
0.233037
0.25095
0.25095
0
0
0
0
0
0
0
0
0
0
0
0
0
0
0
0
0
0
0
0
0
0
0
0
0
0
0
0
0
0
0
0
0
0
0
0.130581
0.130581
0.130581
0.203895
0.203895
0.256503
0.280773
0.355183
0.355183
0.299041
0.267224
0.259161
0.259161
0.0247438
0.0247438
0.220456
0.220456
0.148961
0.144103
0.144103
0.334265
0.334265
0.186131
0.186131
0.186131
0.224277
0.224277
0.223348
0.223348
0.223348
0.219842
0.219842
0.218532
0.218532
0.197961
0
